"Large Requests (2 x 10ms)"
1 1.866666667
2 3.711111111
3 5.466666667
4 7.155555556
5 8.755555556
6 10.31111111
7 11.71111111
8 13.15555556
9 14.44444444
10 15.68888889
11 16.73333333
12 17.95555556
13 19.08888889
14 20.22222222
15 20.75555556
16 21.6


"Medium Requests (2 x 1ms)"
1 1.600746269
2 2.869402985
3 3.932835821
4 4.828358209
5 5.585820896
6 6.164179104
7 6.634328358
8 7.02238806
9 7.399253731
10 7.764925373
11 7.973880597
12 8.097014925
13 8.395522388
14 8.507462687
15 8.817164179
16 8.906716418


"Small Requests (2 x 0.1ms)"
1 1.274873524
2 2.084317032
3 2.681281619
4 3.200674536
5 3.549747049
6 3.797639123
7 3.946037099
8 4.101180438
9 4.192242833
10 4.225969646
11 4.308600337
12 4.328836425
13 4.377740304
14 4.408094435
15 4.445193929
16 4.497470489


